Age Structured Assessment Program (ASAP) Version 4.0
Start time for run: Sat Aug 22 11:09:17 2020

Objective_function: 498.737

Component                Lambda          obj_fun
Catch_Fleet_1                 1          -30.4361
Catch_Fleet_Total             1          -30.4361
Index_Fit_1                   1          28.7611
Index_Fit_2                   1          19.4928
Index_Fit_3                   1          10.2037
Index_Fit_Total               3          58.4576
Catch_Fleet_Age_Comps_1       see_below  230.328
Catch_Age_Comps_Total         see_below  230.328
Index_Age_Comps_1             see_below  98.8607
Index_Age_Comps_2             see_below  58.9984
Index_Age_Comps_3             see_below  87.5591
Index_Age_Comps_Total         see_below  245.418
Rel_efficiency_penalty_1      1          -5.03035
Rel_efficency_Total           1          -5.03035

Observed and predicted total fleet catch by year and standardized residual
fleet 1
1989  3890  3890.58  -0.00258316
1990  2831  2831.71  -0.00363899
1991  3247  3250.05  -0.0108266
1992  4924  4927.26  -0.00573195
1993  7366  7321.59  0.0425032
1994  6309  6157.92  0.0792818
1995  2947  2916.46  0.0365332
1996  4486  4499.82  -0.0187671
1997  3288  3280.95  0.0119484
1998  4261  4201.8  0.0228621
1999  8339  8548.37  -0.0924882
2000  3558  3570.14  -0.0114935
2001  6537  6530.05  0.00668996
2002  3009  2960.47  0.0327915
2003  2450  2290.6  0.0745268
2004  1618  1611.4  0.0195847
2005  1022  1022.59  -0.00445512
2006  1239  1242.7  -0.00669306
2007  846  846.509  -0.00447783
2008  1248  1254.76  -0.0137615
2009  1114  1109.76  0.0175526
2010  1159  1158.65  0.00300235
2011  2151  2155.39  -0.018743
2012  1634  1637.7  -0.0103194
2013  1525  1525.43  -0.00505171
2014  4182  4181.01  0.00475192
2015  2930  2930.53  -0.00344312
2016  2714  2722.49  -0.0322818
2017  4621  4621.39  -0.0026208
2018  3053  3051.85  0.00588372
2019  5082  5080.09  0.00723604

Proportions of catch at age by fleet
fleet 1
Year 1989 Obs  =  0.0594059 0.326733 0.415842 0.188119 0.00990099
Year 1989 Pred =  0.104654 0.352477 0.405693 0.13036 0.00681531
Year 1990 Obs  =  0.0808081 0.414141 0.393939 0.10101 0.010101
Year 1990 Pred =  0.114156 0.326628 0.403656 0.116252 0.039308
Year 1991 Obs  =  0.118812 0.39604 0.316832 0.158416 0.00990099
Year 1991 Pred =  0.0978591 0.360629 0.378408 0.117732 0.0453714
Year 1992 Obs  =  0.1 0.33 0.47 0.09 0.01
Year 1992 Pred =  0.117022 0.31038 0.415949 0.109466 0.0471828
Year 1993 Obs  =  0.1 0.42 0.31 0.17 0
Year 1993 Pred =  0.160077 0.351929 0.334819 0.11127 0.041905
Year 1994 Obs  =  0.12 0.31 0.34 0.18 0.05
Year 1994 Pred =  0.148874 0.41422 0.326451 0.0757848 0.0346704
Year 1995 Obs  =  0.0891089 0.257426 0.455446 0.19802 0
Year 1995 Pred =  0.0596492 0.412977 0.418833 0.0810999 0.0274403
Year 1996 Obs  =  0.0792079 0.178218 0.49505 0.227723 0.019802
Year 1996 Pred =  0.148499 0.196752 0.495653 0.126352 0.032744
Year 1997 Obs  =  0.05 0.54 0.33 0.07 0.01
Year 1997 Pred =  0.214674 0.417399 0.201591 0.125918 0.0404176
Year 1998 Obs  =  0.08 0.38 0.46 0.08 0
Year 1998 Pred =  0.102575 0.480983 0.341172 0.0412412 0.0340287
Year 1999 Obs  =  0.16 0.41 0.29 0.14 0
Year 1999 Pred =  0.160732 0.274944 0.464084 0.0821225 0.018118
Year 2000 Obs  =  0.18 0.37 0.31 0.07 0.07
Year 2000 Pred =  0.113672 0.45789 0.285211 0.117785 0.0254412
Year 2001 Obs  =  0.108911 0.168317 0.623762 0.0990099 0
Year 2001 Pred =  0.0824611 0.326223 0.478687 0.0749769 0.0376517
Year 2002 Obs  =  0.158416 0.376238 0.29703 0.158416 0.00990099
Year 2002 Pred =  0.10828 0.287973 0.416338 0.151713 0.035696
Year 2003 Obs  =  0.242424 0.242424 0.191919 0.252525 0.0707071
Year 2003 Pred =  0.132552 0.348256 0.340139 0.123474 0.0555799
Year 2004 Obs  =  0.10101 0.414141 0.282828 0.131313 0.0707071
Year 2004 Pred =  0.0774809 0.395701 0.383085 0.0941637 0.049569
Year 2005 Obs  =  0.0891089 0.237624 0.316832 0.237624 0.118812
Year 2005 Pred =  0.124449 0.248704 0.469044 0.114749 0.0430535
Year 2006 Obs  =  0.22 0.39 0.22 0.11 0.06
Year 2006 Pred =  0.135938 0.391261 0.288679 0.137771 0.0463509
Year 2007 Obs  =  0.039604 0.336634 0.415842 0.188119 0.019802
Year 2007 Pred =  0.108311 0.373077 0.397258 0.0740954 0.0472588
Year 2008 Obs  =  0.18 0.35 0.36 0.09 0.02
Year 2008 Pred =  0.131672 0.319117 0.406013 0.10969 0.0335081
Year 2009 Obs  =  0.18 0.36 0.29 0.14 0.03
Year 2009 Pred =  0.137997 0.377515 0.337657 0.108547 0.0382837
Year 2010 Obs  =  0.14 0.36 0.3 0.18 0.02
Year 2010 Pred =  0.0658079 0.399484 0.403715 0.0912935 0.039699
Year 2011 Obs  =  0.19 0.32 0.27 0.13 0.09
Year 2011 Pred =  0.120318 0.220958 0.49202 0.125865 0.0408391
Year 2012 Obs  =  0.09 0.47 0.25 0.14 0.05
Year 2012 Pred =  0.0798224 0.423177 0.284645 0.158615 0.0537413
Year 2013 Obs  =  0.227723 0.435644 0.237624 0.0792079 0.019802
Year 2013 Pred =  0.152165 0.241189 0.468511 0.0791134 0.0590218
Year 2014 Obs  =  0.12 0.37 0.3 0.18 0.03
Year 2014 Pred =  0.210929 0.407828 0.233772 0.113892 0.0335797
Year 2015 Obs  =  0.1 0.31 0.45 0.12 0.02
Year 2015 Pred =  0.0809435 0.493358 0.346153 0.0487763 0.0307698
Year 2016 Obs  =  0.10101 0.484848 0.30303 0.111111 0
Year 2016 Pred =  0.0637229 0.253007 0.562208 0.0984406 0.0226217
Year 2017 Obs  =  0.049505 0.237624 0.475248 0.207921 0.029703
Year 2017 Pred =  0.0802853 0.272838 0.386432 0.214299 0.0461458
Year 2018 Obs  =  0.11 0.35 0.33 0.19 0.02
Year 2018 Pred =  0.142079 0.296051 0.3575 0.122086 0.0822828
Year 2019 Obs  =  0.03 0.32 0.43 0.19 0.03
Year 2019 Pred =  0.1173 0.42802 0.31089 0.0914891 0.0523008

Input and Estimated effective sample sizes for catch at age by fleet
fleet 1
1989  27  110.929
1990  27  70.5774
1991  27  83.504
1992  27  131.165
1993  27  51.4985
1994  27  30.152
1995  27  15.7525
1996  27  43.3988
1997  27  11.5102
1998  27  23.2425
1999  27  12.9467
2000  27  40.0735
2001  27  13.3658
2002  27  28.0295
2003  27  11.7042
2004  27  53.1899
2005  27  15.1535
2006  27  56.8162
2007  27  33.924
2008  27  117.593
2009  27  131.694
2010  27  25.4316
2011  27  10.1987
2012  27  182.919
2013  27  7.00863
2014  27  39.0091
2015  27  12.5489
2016  27  4.92451
2017  27  69.4859
2018  27  56.3184
2019  27  15.9182
Total  837  1509.98


Index data
index number 1
aggregate units = 2
proportions units = 2
year, month, obs index, pred index, standardized residual
1989  10  1.44802e+06  634335  1.11928
1990  10  1.45792e+06  624344  1.7953
1991  10  722865  513917  0.442906
1992  10  949883  527116  1.07756
1993  10  955347  657351  0.727224
1994  10  1.95839e+06  700049  1.33553
1995  10  449266  376671  0.332274
1996  10  304465  601657  -1.49586
1997  10  847271  893439  -0.186714
1998  10  824773  649534  0.365457
1999  10  952018  934694  0.0251329
2000  10  781971  758538  0.0540929
2001  10  244225  572743  -1.36589
2002  10  355108  575435  -1.06008
2003  10  720780  620505  0.452916
2004  10  289500  409487  -0.5841
2005  10  150261  501936  -1.98066
2006  10  687532  518626  0.557332
2007  10  158014  456633  -2.16918
2008  10  505868  515002  -0.0372168
2009  10  596839  550013  0.158933
2010  10  407706  322586  0.470651
2011  10  825502  404642  1.23323
2012  10  201820  262866  -0.423496
2013  10  198437  390357  -1.45852
2014  10  326324  575192  -1.34736
2015  10  957395  346790  1.55376
2016  10  341986  243772  0.467633
2018  10  1.35032e+06  238808  2.74342
2019  10  167871  200940  -0.456163
index number 2
aggregate units = 2
proportions units = 2
year, month, obs index, pred index, standardized residual
1989  10  187112  80172  1.1003
1990  10  20205  79014.6  -2.32744
1991  10  54603  64654  -0.36423
1992  10  34124  66802.4  -2.83856
1993  10  92063  83219.9  0.210028
1994  10  95491  88212.2  0.349217
1995  10  12444  46845.6  -2.07484
1996  10  49607  77192.1  -0.754648
1997  10  199268  112889  2.8693
1998  10  35548  80935.2  -1.25887
1999  10  58358  119307  -1.28961
2000  10  99273  94801.9  0.0896433
2001  10  115849  72377.1  1.01403
2002  10  70900  73060.7  -0.0486937
2003  10  83986  78359.1  0.188827
2004  10  99699  51134.6  1.2217
2005  10  71842  64059  0.823022
2006  10  63517  65276.1  -0.062355
2007  10  69462  57499.6  0.687948
2008  10  41393  65334.4  -1.60613
index number 3
aggregate units = 2
proportions units = 2
year, month, obs index, pred index, standardized residual
2007  9  481478  747530  -0.680704
2008  9  488191  826793  -1.59291
2009  9  1.70704e+06  891965  2.36262
2010  9  508419  545224  -0.295338
2011  9  781764  636525  0.658255
2012  9  296689  441586  -0.98667
2013  9  1.683e+06  614781  1.35344
2014  9  1.78871e+06  923682  1.30648
2015  9  527045  594470  -0.286164
2016  9  198265  393345  -1.86538
2017  9  473217  311856  0.693496
2018  9  406605  380642  0.150605
2019  9  189732  332091  -0.847104

Index proportions at age by index
index 1
Year 1989 Obs  =  0.863623 0.104414 0.0303207 0.00164182 0
Year 1989 Pred =  0.776167 0.162898 0.0455895 0.0145831 0.000762413
Year 1990 Obs  =  0.903953 0.0856061 0.00828446 0.00215659 0
Year 1990 Pred =  0.798102 0.142455 0.0429617 0.0123171 0.00416473
Year 1991 Obs  =  0.890675 0.0974963 0.0117229 0.00010609 0
Year 1991 Pred =  0.761256 0.174888 0.044683 0.0138393 0.00533336
Year 1992 Obs  =  0.945828 0.0401243 0.0138457 0.000201833 0
Year 1992 Pred =  0.807399 0.133227 0.0431838 0.0113136 0.00487644
Year 1993 Obs  =  0.786964 0.186988 0.0243619 0.00168566 0
Year 1993 Pred =  0.846298 0.115416 0.0263059 0.00870278 0.00327753
Year 1994 Obs  =  0.932236 0.0467361 0.0183655 0.00260406 5.87383e-05
Year 1994 Pred =  0.82196 0.142042 0.026928 0.00622308 0.00284697
Year 1995 Obs  =  0.358539 0.411112 0.229752 0.000597423 0
Year 1995 Pred =  0.638535 0.275706 0.0681716 0.0131407 0.00444619
Year 1996 Obs  =  0.754943 0.189019 0.053016 0.00302229 0
Year 1996 Pred =  0.870556 0.0717562 0.0437184 0.0110944 0.00287512
Year 1997 Obs  =  0.926913 0.0625424 0.00968457 0.000859845 0
Year 1997 Pred =  0.871774 0.105629 0.0124066 0.00771449 0.00247622
Year 1998 Obs  =  0.769792 0.195202 0.0317977 0.00320766 0
Year 1998 Pred =  0.738901 0.215787 0.0371523 0.00447075 0.00368889
Year 1999 Obs  =  0.973177 0.0198558 0.00696766 0 0
Year 1999 Pred =  0.863256 0.0916448 0.0371179 0.00653862 0.00144256
Year 2000 Obs  =  0.745611 0.22487 0.0280965 0.00142199 0
Year 2000 Pred =  0.764248 0.192006 0.0291654 0.0119903 0.00258986
Year 2001 Obs  =  0.606218 0.238656 0.151672 0.00345423 0
Year 2001 Pred =  0.738492 0.181804 0.0645782 0.0100693 0.00505658
Year 2002 Obs  =  0.868697 0.100097 0.0306662 0.000539898 0
Year 2002 Pred =  0.799731 0.132619 0.0467161 0.0169465 0.00398728
Year 2003 Obs  =  0.934621 0.0551122 0.00904352 0.000585169 0.000638366
Year 2003 Pred =  0.817387 0.133962 0.0319226 0.0115359 0.00519274
Year 2004 Obs  =  0.759073 0.168874 0.0637086 0.00291391 0.00543046
Year 2004 Pred =  0.702992 0.224122 0.053066 0.012985 0.00683548
Year 2005 Obs  =  0.865527 0.080888 0.0387854 0.0147997 0
Year 2005 Pred =  0.832167 0.103842 0.0479362 0.0116744 0.00438022
Year 2006 Obs  =  0.869102 0.0976018 0.0288344 0.00412716 0.000334635
Year 2006 Pred =  0.81122 0.145766 0.026309 0.0124993 0.00420519
Year 2007 Obs  =  0.631643 0.33123 0.0366416 0.000485319 0
Year 2007 Pred =  0.776137 0.16701 0.043596 0.00809471 0.00516289
Year 2008 Obs  =  0.94596 0.0467637 0.00712445 0.000151584 0
Year 2008 Pred =  0.823121 0.124529 0.0387465 0.0104207 0.0031833
Year 2009 Obs  =  0.881154 0.099265 0.0187518 0.00080382 2.55905e-05
Year 2009 Pred =  0.816766 0.139497 0.0305237 0.0097682 0.00344518
Year 2010 Obs  =  0.691289 0.25521 0.0448229 0.00867656 1.34674e-06
Year 2010 Pred =  0.665272 0.252183 0.0623922 0.0140453 0.00610762
Year 2011 Obs  =  0.874918 0.106293 0.0171037 0.00148332 0.000201419
Year 2011 Pred =  0.83521 0.0955795 0.0517546 0.0131798 0.00427641
Year 2012 Obs  =  0.442616 0.408972 0.138984 0.00843218 0.000995949
Year 2012 Pred =  0.701779 0.231974 0.0380141 0.0210874 0.00714475
Year 2013 Obs  =  0.901173 0.0767812 0.0195209 0.00234358 0.000181102
Year 2013 Pred =  0.862615 0.0852368 0.0403154 0.00677701 0.00505593
Year 2014 Obs  =  0.813737 0.154942 0.0260947 0.00519588 2.96217e-05
Year 2014 Pred =  0.87179 0.1047 0.0144411 0.00700387 0.00206501
Year 2015 Obs  =  0.858133 0.116794 0.0240625 0.00093065 7.94506e-05
Year 2015 Pred =  0.685361 0.260181 0.0443187 0.00621678 0.00392176
Year 2016 Obs  =  0.689392 0.231844 0.0643395 0.013154 0.0012707
Year 2016 Pred =  0.70957 0.175473 0.0946643 0.0165006 0.00379186
Year 2018 Obs  =  0.966969 0.0244987 0.00721815 0.00126676 4.78023e-05
Year 2018 Pred =  0.841863 0.108791 0.0314489 0.0106914 0.00720569
Year 2019 Obs  =  0.560147 0.376617 0.0545575 0.00854229 0.000136304
Year 2019 Pred =  0.780821 0.175552 0.0298725 0.00875128 0.00500277
index 2
Year 1989 Obs  =  0.667798 0.2427 0.0833697 0.0061326 0
Year 1989 Pred =  0.788833 0.135489 0.0596419 0.0156075 0.000427886
Year 1990 Obs  =  0.600031 0.179683 0.113099 0.106876 0.000311139
Year 1990 Pred =  0.810044 0.118328 0.0561292 0.0131647 0.00233424
Year 1991 Obs  =  0.669929 0.164661 0.124417 0.0409926 0
Year 1991 Pred =  0.777253 0.146134 0.0587261 0.0148799 0.00300705
Year 1992 Obs  =  0.833241 0.0681776 0.0947116 0.00368528 0.000184264
Year 1992 Pred =  0.818344 0.11051 0.0563412 0.0120754 0.00272935
Year 1993 Obs  =  0.858118 0.0973194 0.0397132 0.00481475 3.41472e-05
Year 1993 Pred =  0.858672 0.0958362 0.034357 0.00929856 0.00183636
Year 1994 Obs  =  0.9627 0.023177 0.0112922 0.00279835 3.29218e-05
Year 1994 Pred =  0.837885 0.118498 0.0353342 0.00668026 0.0016026
Year 1995 Obs  =  0.61076 0.201819 0.181864 0.00555696 0
Year 1995 Pred =  0.659496 0.233042 0.0906333 0.0142923 0.00253585
Year 1996 Obs  =  0.829531 0.150444 0.0175539 0.00247148 0
Year 1996 Pred =  0.871578 0.0587935 0.0563418 0.0116969 0.00158955
Year 1997 Obs  =  0.931499 0.0662291 0.0022718 0 0
Year 1997 Pred =  0.886237 0.0878795 0.0162351 0.00825861 0.00139009
Year 1998 Obs  =  0.598921 0.336694 0.0601397 0.00424516 0
Year 1998 Pred =  0.7617 0.182047 0.0492993 0.00485325 0.00209991
Year 1999 Obs  =  0.785272 0.16506 0.0478371 0.0018316 0
Year 1999 Pred =  0.868713 0.0754753 0.0480814 0.00692909 0.000801639
Year 2000 Obs  =  0.975679 0.0203939 0 0.0021534 0.00177339
Year 2000 Pred =  0.785469 0.161499 0.0385851 0.0129771 0.00146987
Year 2001 Obs  =  0.938265 0.0538384 0.00727253 0.000624135 0
Year 2001 Pred =  0.750651 0.151236 0.0844959 0.0107782 0.00283829
Year 2002 Obs  =  0.821524 0.134134 0.0404399 0.00390209 0
Year 2002 Pred =  0.809078 0.109802 0.0608374 0.0180543 0.00222757
Year 2003 Obs  =  0.827213 0.147782 0.0112671 0.0108553 0.00288228
Year 2003 Pred =  0.831415 0.111514 0.041797 0.0123565 0.00291672
Year 2004 Obs  =  0.581717 0.208053 0.185917 0.0143474 0.00996437
Year 2004 Pred =  0.723118 0.18867 0.0702639 0.0140655 0.00388272
Year 2005 Obs  =  0.922851 0.046473 0.0157535 0.0142219 0.000700158
Year 2005 Pred =  0.837554 0.0855333 0.0621045 0.0123735 0.00243448
Year 2006 Obs  =  0.871851 0.0960253 0.0238083 0.00717715 0.00113844
Year 2006 Pred =  0.82789 0.121745 0.0345617 0.013433 0.00236989
Year 2007 Obs  =  0.880697 0.0931432 0.0257977 0.000362073 0
Year 2007 Pred =  0.791727 0.139424 0.0572453 0.00869545 0.00290829
Year 2008 Obs  =  0.910071 0.0742063 0.0138235 0.00189883 0
Year 2008 Pred =  0.833421 0.103189 0.0504998 0.0111109 0.00177987
index 3
Year 2007 Obs  =  0.834085 0.14735 0.0153535 0.00295479 0.000256525
Year 2007 Pred =  0.728335 0.238053 0.027741 0.00358518 0.00228667
Year 2008 Obs  =  0.75077 0.209381 0.0349406 0.00421814 0.000690064
Year 2008 Pred =  0.787657 0.181034 0.0251602 0.00470991 0.00143878
Year 2009 Obs  =  0.677373 0.299977 0.0173833 0.00465574 0.0006115
Year 2009 Pred =  0.77372 0.200749 0.0196192 0.00437012 0.00154131
Year 2010 Obs  =  0.351189 0.468806 0.147742 0.0296959 0.00256642
Year 2010 Pred =  0.604683 0.348198 0.0384701 0.00602781 0.00262119
Year 2011 Obs  =  0.783128 0.186385 0.0225903 0.00667027 0.00122602
Year 2011 Pred =  0.815703 0.141871 0.0343593 0.00609029 0.0019761
Year 2012 Obs  =  0.637986 0.276324 0.0808118 0.00487781 0
Year 2012 Pred =  0.641792 0.32238 0.0236184 0.00911934 0.00308977
Year 2013 Obs  =  0.892818 0.0997339 0.00633486 0.0011136 0
Year 2013 Pred =  0.841462 0.126356 0.0267223 0.00312662 0.00233259
Year 2014 Obs  =  0.981174 0.0174889 0.0012043 0.000132632 0
Year 2014 Pred =  0.834099 0.152361 0.00942215 0.00318069 0.000937791
Year 2015 Obs  =  0.159688 0.806291 0.0320673 0.00195356 0
Year 2015 Pred =  0.614245 0.35444 0.0270136 0.00263752 0.00166384
Year 2016 Obs  =  0.619944 0.378667 0.00138802 0 0
Year 2016 Pred =  0.675603 0.253951 0.0612992 0.00743709 0.00170905
Year 2017 Obs  =  0.645022 0.345332 0.00964575 0 0
Year 2017 Pred =  0.718728 0.230139 0.0348559 0.0133935 0.00288408
Year 2018 Obs  =  0.850841 0.148984 0.000175041 0 0
Year 2018 Pred =  0.811529 0.159564 0.0207054 0.00489943 0.00330208
Year 2019 Obs  =  0.930371 0.0651118 0.00451692 0 0
Year 2019 Pred =  0.726042 0.248746 0.0190934 0.00389328 0.00222564

 Input and Estimated effective sample sizes for age composition by index
index 1
1989  19  32.1479
1990  19  21.6206
1991  19  16.1254
1992  19  11.3854
1993  19  30.9732
1994  19  14.2203
1995  19  4.15728
1996  19  8.6132
1997  19  46.1208
1998  19  285.573
1999  19  13.4671
2000  19  244.393
2001  19  14.7015
2002  19  53.5443
2003  19  15.1638
2004  19  70.5548
2005  19  167.916
2006  19  55.5074
2007  19  7.66417
2008  19  13.7218
2009  19  52.1096
2010  19  461.603
2011  19  95.3551
2012  19  4.14884
2013  19  121.399
2014  19  37.8888
2015  19  9.05504
2016  19  100.945
2018  19  11.8497
2019  19  3.99418
Total  570  2025.92
index 2
1989  14  13.2698
1990  14  5.45061
1991  14  21.9852
1992  14  88.3422
1993  14  4623.97
1994  14  11.1879
1995  14  42.7301
1996  14  19.8626
1997  14  74.2229
1998  14  7.6029
1999  14  15.8036
2000  14  6.15802
2001  14  8.00608
2002  14  240.678
2003  14  129.846
2004  14  12.9165
2005  14  26.211
2006  14  108.496
2007  14  31.4951
2008  14  35.8454
Total  280  5524.08
index 3
2007  41  21.0582
2008  41  153.125
2009  41  18.8477
2010  41  5.60307
2011  41  98.454
2012  41  88.9764
2013  41  72.9847
2014  41  7.04188
2015  41  1.20816
2016  41  21.3122
2017  41  21.9749
2018  41  149.256
2019  41  5.42378
Total  533  665.266

Penalties section: only applicable for included penalties

End of Penalties Section

Natural mortality by year and age
Year  age_1  age_2  age_3  age_4  age_5
1989   1.28762 1.28762 1.28762 1.28762 1.28762
1990   1.28762 1.28762 1.28762 1.28762 1.28762
1991   1.28762 1.28762 1.28762 1.28762 1.28762
1992   1.28762 1.28762 1.28762 1.28762 1.28762
1993   1.28762 1.28762 1.28762 1.28762 1.28762
1994   1.28762 1.28762 1.28762 1.28762 1.28762
1995   1.28762 1.28762 1.28762 1.28762 1.28762
1996   1.28762 1.28762 1.28762 1.28762 1.28762
1997   1.28762 1.28762 1.28762 1.28762 1.28762
1998   1.28762 1.28762 1.28762 1.28762 1.28762
1999   1.28762 1.28762 1.28762 1.28762 1.28762
2000   1.28762 1.28762 1.28762 1.28762 1.28762
2001   1.28762 1.28762 1.28762 1.28762 1.28762
2002   1.28762 1.28762 1.28762 1.28762 1.28762
2003   1.28762 1.28762 1.28762 1.28762 1.28762
2004   1.28762 1.28762 1.28762 1.28762 1.28762
2005   1.28762 1.28762 1.28762 1.28762 1.28762
2006   1.28762 1.28762 1.28762 1.28762 1.28762
2007   1.28762 1.28762 1.28762 1.28762 1.28762
2008   1.28762 1.28762 1.28762 1.28762 1.28762
2009   1.28762 1.28762 1.28762 1.28762 1.28762
2010   1.28762 1.28762 1.28762 1.28762 1.28762
2011   1.28762 1.28762 1.28762 1.28762 1.28762
2012   1.28762 1.28762 1.28762 1.28762 1.28762
2013   1.28762 1.28762 1.28762 1.28762 1.28762
2014   1.28762 1.28762 1.28762 1.28762 1.28762
2015   1.28762 1.28762 1.28762 1.28762 1.28762
2016   1.28762 1.28762 1.28762 1.28762 1.28762
2017   1.28762 1.28762 1.28762 1.28762 1.28762
2018   1.28762 1.28762 1.28762 1.28762 1.28762
2019   1.28762 1.28762 1.28762 1.28762 1.28762

Fmult and selectivity by fleet and year
fleet  year  Fmult  age_1  age_2  age_3  age_4  age_5
1  1989  0.0425413   0.0242219 0.255076 1 1 1
1  1990  0.0290514   0.0242219 0.255076 1 1 1
1  1991  0.037368   0.0242219 0.255076 1 1 1
1  1992  0.0623301   0.0242219 0.255076 1 1 1
1  1993  0.0977335   0.0242219 0.255076 1 1 1
1  1994  0.0826928   0.0242219 0.255076 1 1 1
1  1995  0.0325458   0.0242219 0.255076 1 1 1
1  1996  0.0626514   0.0242219 0.255076 1 1 1
1  1997  0.0419611   0.0242219 0.255076 1 1 1
1  1998  0.0491481   0.0242219 0.255076 1 1 1
1  1999  0.0918729   0.0242219 0.255076 1 1 1
1  2000  0.0316194   0.0242219 0.255076 1 1 1
1  2001  0.0591997   0.0242219 0.255076 1 1 1
1  2002  0.0349118   0.0242219 0.255076 1 1 1
1  2003  0.0297891   0.0242219 0.255076 1 1 1
1  2004  0.0207435   0.0242219 0.255076 1 1 1
1  2005  0.0176484   0.0242219 0.255076 1 1 1
1  2006  0.0199098   0.0242219 0.255076 1 1 1
1  2007  0.0118424   0.0242219 0.255076 1 1 1
1  2008  0.0210365   0.0242219 0.255076 1 1 1
1  2009  0.0196429   0.0242219 0.255076 1 1 1
1  2010  0.0169746   0.0242219 0.255076 1 1 1
1  2011  0.0423141   0.0242219 0.255076 1 1 1
1  2012  0.0352945   0.0242219 0.255076 1 1 1
1  2013  0.0373856   0.0242219 0.255076 1 1 1
1  2014  0.0815152   0.0242219 0.255076 1 1 1
1  2015  0.0483866   0.0242219 0.255076 1 1 1
1  2016  0.0483353   0.0242219 0.255076 1 1 1
1  2017  0.123805   0.0242219 0.255076 1 1 1
1  2018  0.100538   0.0242219 0.255076 1 1 1
1  2019  0.179383   0.0242219 0.255076 1 1 1

Directed F by age and year for each fleet
fleet 1 directed F at age
 0.00103043 0.0108513 0.0425413 0.0425413 0.0425413
 0.000703681 0.00741033 0.0290514 0.0290514 0.0290514
 0.000905124 0.00953168 0.037368 0.037368 0.037368
 0.00150976 0.0158989 0.0623301 0.0623301 0.0623301
 0.00236729 0.0249295 0.0977335 0.0977335 0.0977335
 0.00200298 0.021093 0.0826928 0.0826928 0.0826928
 0.000788321 0.00830166 0.0325458 0.0325458 0.0325458
 0.00151754 0.0159809 0.0626514 0.0626514 0.0626514
 0.00101638 0.0107033 0.0419611 0.0419611 0.0419611
 0.00119046 0.0125365 0.0491481 0.0491481 0.0491481
 0.00222534 0.0234346 0.0918729 0.0918729 0.0918729
 0.000765883 0.00806536 0.0316194 0.0316194 0.0316194
 0.00143393 0.0151005 0.0591997 0.0591997 0.0591997
 0.000845631 0.00890517 0.0349118 0.0349118 0.0349118
 0.00072155 0.0075985 0.0297891 0.0297891 0.0297891
 0.000502448 0.00529118 0.0207435 0.0207435 0.0207435
 0.000427477 0.00450168 0.0176484 0.0176484 0.0176484
 0.000482255 0.00507853 0.0199098 0.0199098 0.0199098
 0.000286847 0.00302072 0.0118424 0.0118424 0.0118424
 0.000509544 0.00536591 0.0210365 0.0210365 0.0210365
 0.000475788 0.00501043 0.0196429 0.0196429 0.0196429
 0.000411158 0.00432982 0.0169746 0.0169746 0.0169746
 0.00102493 0.0107933 0.0423141 0.0423141 0.0423141
 0.000854901 0.00900279 0.0352945 0.0352945 0.0352945
 0.000905552 0.00953619 0.0373856 0.0373856 0.0373856
 0.00197445 0.0207926 0.0815152 0.0815152 0.0815152
 0.00117202 0.0123423 0.0483866 0.0483866 0.0483866
 0.00117077 0.0123292 0.0483353 0.0483353 0.0483353
 0.00299879 0.0315797 0.123805 0.123805 0.123805
 0.00243523 0.0256449 0.100538 0.100538 0.100538
 0.004345 0.0457563 0.179383 0.179383 0.179383
Discard F by age and year for each fleet
fleet 1 Discard F at age
 0 0 0 0 0
 0 0 0 0 0
 0 0 0 0 0
 0 0 0 0 0
 0 0 0 0 0
 0 0 0 0 0
 0 0 0 0 0
 0 0 0 0 0
 0 0 0 0 0
 0 0 0 0 0
 0 0 0 0 0
 0 0 0 0 0
 0 0 0 0 0
 0 0 0 0 0
 0 0 0 0 0
 0 0 0 0 0
 0 0 0 0 0
 0 0 0 0 0
 0 0 0 0 0
 0 0 0 0 0
 0 0 0 0 0
 0 0 0 0 0
 0 0 0 0 0
 0 0 0 0 0
 0 0 0 0 0
 0 0 0 0 0
 0 0 0 0 0
 0 0 0 0 0
 0 0 0 0 0
 0 0 0 0 0
 0 0 0 0 0
Total F
 0.00103043 0.0108513 0.0425413 0.0425413 0.0425413
 0.000703681 0.00741033 0.0290514 0.0290514 0.0290514
 0.000905124 0.00953168 0.037368 0.037368 0.037368
 0.00150976 0.0158989 0.0623301 0.0623301 0.0623301
 0.00236729 0.0249295 0.0977335 0.0977335 0.0977335
 0.00200298 0.021093 0.0826928 0.0826928 0.0826928
 0.000788321 0.00830166 0.0325458 0.0325458 0.0325458
 0.00151754 0.0159809 0.0626514 0.0626514 0.0626514
 0.00101638 0.0107033 0.0419611 0.0419611 0.0419611
 0.00119046 0.0125365 0.0491481 0.0491481 0.0491481
 0.00222534 0.0234346 0.0918729 0.0918729 0.0918729
 0.000765883 0.00806536 0.0316194 0.0316194 0.0316194
 0.00143393 0.0151005 0.0591997 0.0591997 0.0591997
 0.000845631 0.00890517 0.0349118 0.0349118 0.0349118
 0.00072155 0.0075985 0.0297891 0.0297891 0.0297891
 0.000502448 0.00529118 0.0207435 0.0207435 0.0207435
 0.000427477 0.00450168 0.0176484 0.0176484 0.0176484
 0.000482255 0.00507853 0.0199098 0.0199098 0.0199098
 0.000286847 0.00302072 0.0118424 0.0118424 0.0118424
 0.000509544 0.00536591 0.0210365 0.0210365 0.0210365
 0.000475788 0.00501043 0.0196429 0.0196429 0.0196429
 0.000411158 0.00432982 0.0169746 0.0169746 0.0169746
 0.00102493 0.0107933 0.0423141 0.0423141 0.0423141
 0.000854901 0.00900279 0.0352945 0.0352945 0.0352945
 0.000905552 0.00953619 0.0373856 0.0373856 0.0373856
 0.00197445 0.0207926 0.0815152 0.0815152 0.0815152
 0.00117202 0.0123423 0.0483866 0.0483866 0.0483866
 0.00117077 0.0123292 0.0483353 0.0483353 0.0483353
 0.00299879 0.0315797 0.123805 0.123805 0.123805
 0.00243523 0.0256449 0.100538 0.100538 0.100538
 0.004345 0.0457563 0.179383 0.179383 0.179383

Average F for ages 3 to 5
Freport unweighted in .std and MCMC files
year    unweighted
1989  0.0425413
1990  0.0290514
1991  0.037368
1992  0.0623301
1993  0.0977335
1994  0.0826928
1995  0.0325458
1996  0.0626514
1997  0.0419611
1998  0.0491481
1999  0.0918729
2000  0.0316194
2001  0.0591997
2002  0.0349118
2003  0.0297891
2004  0.0207435
2005  0.0176484
2006  0.0199098
2007  0.0118424
2008  0.0210365
2009  0.0196429
2010  0.0169746
2011  0.0423141
2012  0.0352945
2013  0.0373856
2014  0.0815152
2015  0.0483866
2016  0.0483353
2017  0.123805
2018  0.100538
2019  0.179383

availability, efficiency, q, and selectivity by index and year
index  year  availability  efficiency  catchability  age_1  age_2  age_3  age_4  age_5
1  1989  0.618819  0.2  0.123764   1 0.658506 0.634863 0.632 0.632
1  1990  0.618819  0.2  0.123764   1 0.658506 0.634863 0.632 0.632
1  1991  0.618819  0.2  0.123764   1 0.658506 0.634863 0.632 0.632
1  1992  0.618819  0.2  0.123764   1 0.658506 0.634863 0.632 0.632
1  1993  0.618819  0.2  0.123764   1 0.658506 0.634863 0.632 0.632
1  1994  0.618819  0.2  0.123764   1 0.658506 0.634863 0.632 0.632
1  1995  0.618819  0.2  0.123764   1 0.658506 0.634863 0.632 0.632
1  1996  0.618819  0.2  0.123764   1 0.658506 0.634863 0.632 0.632
1  1997  0.618819  0.2  0.123764   1 0.658506 0.634863 0.632 0.632
1  1998  0.618819  0.2  0.123764   1 0.658506 0.634863 0.632 0.632
1  1999  0.618819  0.2  0.123764   1 0.658506 0.634863 0.632 0.632
1  2000  0.618819  0.2  0.123764   1 0.658506 0.634863 0.632 0.632
1  2001  0.618819  0.2  0.123764   1 0.658506 0.634863 0.632 0.632
1  2002  0.618819  0.2  0.123764   1 0.658506 0.634863 0.632 0.632
1  2003  0.618819  0.2  0.123764   1 0.658506 0.634863 0.632 0.632
1  2004  0.618819  0.2  0.123764   1 0.658506 0.634863 0.632 0.632
1  2005  0.618819  0.2  0.123764   1 0.658506 0.634863 0.632 0.632
1  2006  0.618819  0.2  0.123764   1 0.658506 0.634863 0.632 0.632
1  2007  0.618819  0.2  0.123764   1 0.658506 0.634863 0.632 0.632
1  2008  0.618819  0.2  0.123764   1 0.658506 0.634863 0.632 0.632
1  2009  0.618819  0.2  0.123764   1 0.658506 0.634863 0.632 0.632
1  2010  0.618819  0.2  0.123764   1 0.658506 0.634863 0.632 0.632
1  2011  0.618819  0.2  0.123764   1 0.658506 0.634863 0.632 0.632
1  2012  0.618819  0.2  0.123764   1 0.658506 0.634863 0.632 0.632
1  2013  0.618819  0.2  0.123764   1 0.658506 0.634863 0.632 0.632
1  2014  0.618819  0.2  0.123764   1 0.658506 0.634863 0.632 0.632
1  2015  0.618819  0.2  0.123764   1 0.658506 0.634863 0.632 0.632
1  2016  0.618819  0.2  0.123764   1 0.658506 0.634863 0.632 0.632
1  2018  0.618819  0.2  0.123764   1 0.658506 0.634863 0.632 0.632
1  2019  0.618819  0.2  0.123764   1 0.658506 0.634863 0.632 0.632
2  1989  0.0158975  1  0.0158975   1 0.538915 0.817216 0.665535 0.349
2  1990  0.0158975  1  0.0158975   1 0.538915 0.817216 0.665535 0.349
2  1991  0.0158975  1  0.0158975   1 0.538915 0.817216 0.665535 0.349
2  1992  0.0158975  1  0.0158975   1 0.538915 0.817216 0.665535 0.349
2  1993  0.0158975  1  0.0158975   1 0.538915 0.817216 0.665535 0.349
2  1994  0.0158975  1  0.0158975   1 0.538915 0.817216 0.665535 0.349
2  1995  0.0158975  1  0.0158975   1 0.538915 0.817216 0.665535 0.349
2  1996  0.0158975  1  0.0158975   1 0.538915 0.817216 0.665535 0.349
2  1997  0.0158975  1  0.0158975   1 0.538915 0.817216 0.665535 0.349
2  1998  0.0158975  1  0.0158975   1 0.538915 0.817216 0.665535 0.349
2  1999  0.0158975  1  0.0158975   1 0.538915 0.817216 0.665535 0.349
2  2000  0.0158975  1  0.0158975   1 0.538915 0.817216 0.665535 0.349
2  2001  0.0158975  1  0.0158975   1 0.538915 0.817216 0.665535 0.349
2  2002  0.0158975  1  0.0158975   1 0.538915 0.817216 0.665535 0.349
2  2003  0.0158975  1  0.0158975   1 0.538915 0.817216 0.665535 0.349
2  2004  0.0158975  1  0.0158975   1 0.538915 0.817216 0.665535 0.349
2  2005  0.0158975  1  0.0158975   1 0.538915 0.817216 0.665535 0.349
2  2006  0.0158975  1  0.0158975   1 0.538915 0.817216 0.665535 0.349
2  2007  0.0158975  1  0.0158975   1 0.538915 0.817216 0.665535 0.349
2  2008  0.0158975  1  0.0158975   1 0.538915 0.817216 0.665535 0.349
3  2007  0.17078  1  0.17078   1 1 0.430076 0.298 0.298
3  2008  0.17078  1  0.17078   1 1 0.430076 0.298 0.298
3  2009  0.17078  1  0.17078   1 1 0.430076 0.298 0.298
3  2010  0.17078  1  0.17078   1 1 0.430076 0.298 0.298
3  2011  0.17078  1  0.17078   1 1 0.430076 0.298 0.298
3  2012  0.17078  1  0.17078   1 1 0.430076 0.298 0.298
3  2013  0.17078  1  0.17078   1 1 0.430076 0.298 0.298
3  2014  0.17078  1  0.17078   1 1 0.430076 0.298 0.298
3  2015  0.17078  1  0.17078   1 1 0.430076 0.298 0.298
3  2016  0.17078  1  0.17078   1 1 0.430076 0.298 0.298
3  2017  0.17078  1  0.17078   1 1 0.430076 0.298 0.298
3  2018  0.17078  1  0.17078   1 1 0.430076 0.298 0.298
3  2019  0.17078  1  0.17078   1 1 0.430076 0.298 0.298

Population Numbers at the Start of the Year
 1.04574e+07 3.35754e+06 998096 320716 16767.2
 1.05809e+07 2.88248e+06 916431 263930 89241.9
 8.30867e+06 2.91749e+06 789478 245626 94658.9
 9.04271e+06 2.2905e+06 797374 209847 90449.5
 1.18278e+07 2.49135e+06 622039 206721 77852.6
 1.22305e+07 3.25588e+06 670502 155655 71210
 5.1076e+06 3.36795e+06 879628 170325 57629.8
 1.11289e+07 1.40821e+06 921621 234940 60884.5
 1.65429e+07 3.06609e+06 382400 238855 76668.4
 1.0195e+07 4.55998e+06 837006 101178 83483.5
 1.71532e+07 2.80972e+06 1.24254e+06 219875 48509.1
 1.23104e+07 4.7225e+06 757316 312754 67553.7
 8.98639e+06 3.39417e+06 1.29259e+06 202459 101670
 9.77301e+06 2.47602e+06 922501 336157 79093.4
 1.07701e+07 2.69434e+06 677140 245809 110647
 6.11175e+06 2.96961e+06 737811 181357 95468.5
 8.8677e+06 1.68554e+06 815067 199401 74815
 8.93229e+06 2.44578e+06 462995 220964 74339.7
 7.52336e+06 2.46346e+06 671434 125234 79875.4
 9.00017e+06 2.07529e+06 677681 183085 55928.6
 9.53759e+06 2.48211e+06 569561 183097 64577.1
 4.55607e+06 2.63041e+06 681455 154100 67010.3
 7.17816e+06 1.25662e+06 722662 184866 59983
 3.91766e+06 1.97861e+06 343011 191139 64761
 7.15131e+06 1.08006e+06 541056 91363.4 68160.8
 1.06581e+07 1.97144e+06 295187 143813 42401.6
 5.0487e+06 2.93505e+06 532778 75073.7 47359.1
 3.67429e+06 1.39143e+06 799920 140063 32186.6
 3.10282e+06 1.01264e+06 379228 210304 45285.5
 4.2746e+06 853583 270728 92453.7 62311.3
 3.34077e+06 1.1766e+06 229562 67555.8 38619

Biomass Time Series
Year  TotJan1B  SSB  ExploitableB
1989  257109  105871  164612
1990  212165  105901  174840
1991  211671  94905.2  156464
1992  173110  86204.2  143261
1993  176594  81794.9  136883
1994  203997  83134.8  135398
1995  250861  107125  160888
1996  132252  67730.1  130314
1997  214603  94454.3  140491
1998  266311  103562  153971
1999  218145  91432.5  170308
2000  276673  137912  202560
2001  234902  118259  199871
2002  195916  90404.4  152498
2003  155508  82386.9  137934
2004  195605  87380.5  138999
2005  135099  56696.7  103611
2006  155926  68838.5  111621
2007  187964  80188.1  127538
2008  167055  64446.1  106737
2009  131573  59754.2  101034
2010  192107  80967.9  121969
2011  115012  49458.6  91859.8
2012  122788  53553  83356.7
2013  90472.4  40323  73384.3
2014  137267  59989.7  93001.6
2015  198658  75837.5  109018
2016  140634  57587.4  101768
2017  95191.6  39957.1  68959
2018  68591.1  31308.7  55704
2019  74233.9  33599.6  52871.6

F Reference Points in Final Year
refpt     F          slope to plot on SR
F0.1      4.13029  392.044
Fmax      5  457.556
F35%SPR   2.83364  301.528
F40%SPR   2.27436  263.838
Fmsy      5  457.556    SSBmsy    17183     MSY   78884.1
  F 0.179383  119.136

Stock-Recruitment Relationship Parameters in Final Year
 alpha     = 7.86218e+06
 beta      = 0
 R0        = 7.86218e+06
 S0        = 74498.3
 steepness = 1
Spawning Stock, Obs Recruits(year+1), Pred Recruits(year+1), standardized residual
init  xxxx  1.04574e+07  7.86218e+06  0.5144
1989  105871  1.05809e+07  7.86218e+06  0.535584
1990  105901  8.30867e+06  7.86218e+06  0.0996105
1991  94905.2  9.04271e+06  7.86218e+06  0.252284
1992  86204.2  1.18278e+07  7.86218e+06  0.736482
1993  81794.9  1.22305e+07  7.86218e+06  0.796858
1994  83134.8  5.1076e+06  7.86218e+06  -0.777863
1995  107125  1.11289e+07  7.86218e+06  0.626642
1996  67730.1  1.65429e+07  7.86218e+06  1.34153
1997  94454.3  1.0195e+07  7.86218e+06  0.468582
1998  103562  1.71532e+07  7.86218e+06  1.40686
1999  91432.5  1.23104e+07  7.86218e+06  0.808609
2000  137912  8.98639e+06  7.86218e+06  0.241016
2001  118259  9.77301e+06  7.86218e+06  0.392345
2002  90404.4  1.07701e+07  7.86218e+06  0.567547
2003  82386.9  6.11175e+06  7.86218e+06  -0.454183
2004  87380.5  8.8677e+06  7.86218e+06  0.21704
2005  56696.7  8.93229e+06  7.86218e+06  0.230127
2006  68838.5  7.52336e+06  7.86218e+06  -0.0794416
2007  80188.1  9.00017e+06  7.86218e+06  0.24378
2008  64446.1  9.53759e+06  7.86218e+06  0.348371
2009  59754.2  4.55607e+06  7.86218e+06  -0.983931
2010  80967.9  7.17816e+06  7.86218e+06  -0.164146
2011  49458.6  3.91766e+06  7.86218e+06  -1.25618
2012  53553  7.15131e+06  7.86218e+06  -0.170903
2013  40323  1.06581e+07  7.86218e+06  0.548694
2014  59989.7  5.0487e+06  7.86218e+06  -0.798778
2015  75837.5  3.67429e+06  7.86218e+06  -1.37184
2016  57587.4  3.10282e+06  7.86218e+06  -1.6767
2017  39957.1  4.2746e+06  7.86218e+06  -1.09894
2018  31308.7  3.34077e+06  7.86218e+06  -1.54345
2019  33599.6       xxxx   7.86218e+06

Annual stock recruitment parameters and those used in stock recruit function
Year, SR_S0, SR_R0, steepness, alpha, beta, SR_ratio_0, S0_used, R0_used, alpha_used, beta_used
1989  71625.5  7.86218e+06  1  7.86218e+06  0  0.00911013  74498.3  7.86218e+06  7.86218e+06  0
1990  74498.3  7.86218e+06  1  7.86218e+06  0  0.00947553  74498.3  7.86218e+06  7.86218e+06  0
1991  70397.5  7.86218e+06  1  7.86218e+06  0  0.00895393  74498.3  7.86218e+06  7.86218e+06  0
1992  73570.5  7.86218e+06  1  7.86218e+06  0  0.00935752  74498.3  7.86218e+06  7.86218e+06  0
1993  74390.7  7.86218e+06  1  7.86218e+06  0  0.00946184  74498.3  7.86218e+06  7.86218e+06  0
1994  67301.6  7.86218e+06  1  7.86218e+06  0  0.00856017  74498.3  7.86218e+06  7.86218e+06  0
1995  77722.3  7.86218e+06  1  7.86218e+06  0  0.00988559  74498.3  7.86218e+06  7.86218e+06  0
1996  64154.4  7.86218e+06  1  7.86218e+06  0  0.00815987  74498.3  7.86218e+06  7.86218e+06  0
1997  82579.3  7.86218e+06  1  7.86218e+06  0  0.0105034  74498.3  7.86218e+06  7.86218e+06  0
1998  66545.5  7.86218e+06  1  7.86218e+06  0  0.008464  74498.3  7.86218e+06  7.86218e+06  0
1999  62946.8  7.86218e+06  1  7.86218e+06  0  0.00800628  74498.3  7.86218e+06  7.86218e+06  0
2000  80900.3  7.86218e+06  1  7.86218e+06  0  0.0102898  74498.3  7.86218e+06  7.86218e+06  0
2001  70633.2  7.86218e+06  1  7.86218e+06  0  0.00898391  74498.3  7.86218e+06  7.86218e+06  0
2002  64231.2  7.86218e+06  1  7.86218e+06  0  0.00816964  74498.3  7.86218e+06  7.86218e+06  0
2003  65648.5  7.86218e+06  1  7.86218e+06  0  0.00834991  74498.3  7.86218e+06  7.86218e+06  0
2004  67803.9  7.86218e+06  1  7.86218e+06  0  0.00862405  74498.3  7.86218e+06  7.86218e+06  0
2005  53543.9  7.86218e+06  1  7.86218e+06  0  0.00681031  74498.3  7.86218e+06  7.86218e+06  0
2006  66971  7.86218e+06  1  7.86218e+06  0  0.00851812  74498.3  7.86218e+06  7.86218e+06  0
2007  73901.2  7.86218e+06  1  7.86218e+06  0  0.00939957  74498.3  7.86218e+06  7.86218e+06  0
2008  62896  7.86218e+06  1  7.86218e+06  0  0.00799982  74498.3  7.86218e+06  7.86218e+06  0
2009  56639.8  7.86218e+06  1  7.86218e+06  0  0.00720408  74498.3  7.86218e+06  7.86218e+06  0
2010  70912.9  7.86218e+06  1  7.86218e+06  0  0.0090195  74498.3  7.86218e+06  7.86218e+06  0
2011  55304.6  7.86218e+06  1  7.86218e+06  0  0.00703426  74498.3  7.86218e+06  7.86218e+06  0
2012  65317.9  7.86218e+06  1  7.86218e+06  0  0.00830786  74498.3  7.86218e+06  7.86218e+06  0
2013  60397.3  7.86218e+06  1  7.86218e+06  0  0.00768201  74498.3  7.86218e+06  7.86218e+06  0
2014  80926.2  7.86218e+06  1  7.86218e+06  0  0.0102931  74498.3  7.86218e+06  7.86218e+06  0
2015  73068.3  7.86218e+06  1  7.86218e+06  0  0.00929364  74498.3  7.86218e+06  7.86218e+06  0
2016  64485  7.86218e+06  1  7.86218e+06  0  0.00820193  74498.3  7.86218e+06  7.86218e+06  0
2017  67155.8  7.86218e+06  1  7.86218e+06  0  0.00854163  74498.3  7.86218e+06  7.86218e+06  0
2018  68572.7  7.86218e+06  1  7.86218e+06  0  0.00872184  74498.3  7.86218e+06  7.86218e+06  0
2019  74498.3  7.86218e+06  1  7.86218e+06  0  0.00947553  74498.3  7.86218e+06  7.86218e+06  0

Annual reference points and slopes
Year  Fmsy  Fmsy_slope  SSBmsy  MSY  F01  F01_slope  Fmax  Fmax_slope  F35  F35_slope  F40  F40_slope
1989  5  460.741  17064.2  76532.6 4.87696  451.329  5  460.741  2.90233  313.623  2.29785  274.42
1990  5  457.556  17183  83990.9 4.82797  444.18  5  457.556  2.83364  301.528  2.27436  263.838
1991  5  545.66  14408.6  70059.6 3.42968  404.344  5  545.66  2.42042  319.094  1.94293  279.207
1992  5  459.137  17123.8  77712.7 4.4309  416.139  5  459.137  2.83617  305.331  2.26112  267.165
1993  5  459.14  17123.7  82817.4 5  459.14  5  459.14  2.78474  301.965  2.21483  264.219
1994  5  547.923  14349.1  73988.6 4.67036  517.221  5  547.923  2.52644  333.772  2.01693  292.051
1995  5  459.128  17124.2  72612.4 3.53692  352.635  5  459.128  2.59508  289.021  2.05423  252.893
1996  5  547.927  14348.9  73986.4 5  547.927  5  547.927  2.72445  350.145  2.18885  306.377
1997  5  393.943  19957.7  87712.9 4.46093  359.094  5  393.943  2.99865  272.022  2.39663  238.019
1998  5  550.187  14290  72819.4 5  550.187  5  550.187  2.50553  337.565  1.98436  295.369
1999  5  682.737  11515.7  58890.3 3.2475  486.88  5  682.737  2.02219  356.862  1.60885  312.255
2000  5  455.976  17242.5  74955.2 3.10572  316.658  5  455.976  2.54143  277.667  2.03482  242.959
2001  5  547.906  14349.5  68890.5 3.58993  422.047  5  547.906  2.34237  318.029  1.86355  278.275
2002  5  550.188  14290  62605.6 3.69605  435.041  5  550.188  2.65587  349.727  2.11462  306.011
2003  5  547.923  14349.1  73988.6 4.86341  535.086  5  547.923  2.62873  342.177  2.10622  299.405
2004  5  547.919  14349.2  73990.8 4.6063  511.354  5  547.919  2.4979  331.299  1.99353  289.887
2005  5  686.311  11455.7  62810.4 5  686.311  5  686.311  2.51738  419.532  2.00346  367.09
2006  5  547.923  14349.1  73988.6 4.70781  520.662  5  547.923  2.5465  335.42  2.03441  293.492
2007  5  459.137  17123.8  87926.4 5  459.137  5  459.137  2.8157  303.965  2.24314  265.97
2008  5  550.196  14289.8  67708.1 4.57685  511.405  5  550.196  2.74521  357.151  2.1898  312.508
2009  5  682.764  11515.2  63988.3 4.93569  675.121  5  682.764  2.38619  396.601  1.91308  347.026
2010  5  459.143  17123.6  82815.2 5  459.143  5  459.143  3.00572  316.774  2.4088  277.177
